<?xml version="1.0" standalone="no"?>
<!DOCTYPE svg PUBLIC "-//W3C//DTD SVG 20010904//EN"
 "http://www.w3.org/TR/2001/REC-SVG-20010904/DTD/svg10.dtd">
<svg version="1.0" xmlns="http://www.w3.org/2000/svg"
 width="512.000000pt" height="512.000000pt" viewBox="0 0 512.000000 512.000000"
 preserveAspectRatio="xMidYMid meet">

<g transform="translate(0.000000,512.000000) scale(0.100000,-0.100000)"
fill="#000000" stroke="none">
<path d="M1627 4950 c-21 -17 -27 -30 -27 -60 0 -33 12 -52 96 -153 100 -120
133 -144 178 -127 31 11 56 48 56 81 0 30 -27 69 -132 189 -63 73 -79 85 -109
88 -24 2 -44 -4 -62 -18z"/>
<path d="M3398 4960 c-16 -10 -160 -174 -191 -220 -47 -68 15 -156 92 -129 19
7 64 52 125 126 80 96 96 121 96 150 0 62 -69 103 -122 73z"/>
<path d="M2312 4673 c-18 -9 -45 -32 -60 -51 -27 -35 -27 -36 -30 -239 l-3
-203 -191 0 c-213 0 -239 -6 -285 -67 -20 -26 -28 -50 -31 -93 l-4 -58 -202
-5 c-153 -4 -224 -10 -299 -26 -297 -65 -571 -208 -769 -401 -75 -73 -88 -91
-94 -126 -5 -37 -10 -43 -36 -48 -17 -3 -40 -6 -52 -6 -84 0 -186 -64 -229
-144 l-22 -41 0 -1320 0 -1320 22 -40 c25 -47 74 -95 123 -121 33 -18 82 -19
932 -24 l897 -5 29 -41 c56 -77 152 -136 284 -175 105 -31 352 -38 469 -14
162 32 297 106 355 195 l26 40 897 2 c852 3 898 4 931 22 49 26 98 74 123 121
l22 40 0 1320 0 1320 -22 41 c-47 88 -124 132 -260 149 -51 7 -52 7 -58 48 -6
36 -19 54 -94 127 -198 193 -475 338 -766 400 -76 17 -149 23 -301 27 l-202 5
-4 58 c-3 43 -11 67 -31 93 -46 61 -72 67 -285 67 l-191 0 -3 203 c-3 204 -3
204 -30 239 -48 63 -70 68 -310 68 -177 0 -219 -3 -246 -17z m418 -379 l0
-226 29 -29 29 -29 226 0 226 0 0 -170 0 -170 -226 0 -226 0 -29 -29 -29 -29
0 -481 0 -481 -170 0 -170 0 0 481 0 481 -29 29 -29 29 -226 0 -226 0 0 170 0
170 226 0 226 0 29 29 29 29 0 226 0 226 170 0 170 0 0 -226z m-1043 -510 c19
-5 21 -14 25 -93 3 -77 6 -92 30 -123 47 -62 72 -68 287 -68 l191 0 0 -444 c0
-291 4 -454 11 -473 25 -66 80 -101 174 -110 l65 -6 0 -466 c0 -424 2 -469 18
-501 33 -66 111 -66 144 0 16 32 18 77 18 501 l0 466 65 6 c94 9 149 44 174
110 7 19 11 182 11 473 l0 444 190 0 c170 0 195 2 230 20 65 33 84 71 88 172
l4 87 35 7 c58 11 353 -3 433 -21 247 -54 488 -176 663 -335 l67 -62 0 -1100
0 -1100 -37 30 c-184 144 -416 252 -654 302 -147 31 -410 38 -574 15 -229 -32
-457 -101 -678 -207 l-107 -52 -118 57 c-213 103 -434 170 -671 203 -153 21
-434 14 -569 -15 -235 -50 -474 -160 -654 -303 l-38 -30 0 1100 0 1099 52 50
c198 185 483 322 757 362 65 10 336 13 368 5z m-1347 -1716 l0 -1121 112 -113
c128 -130 158 -148 234 -142 44 4 62 12 109 49 163 129 303 204 462 246 88 23
117 26 278 27 136 1 202 -4 268 -17 198 -40 426 -133 592 -241 152 -99 177
-98 356 16 375 238 785 314 1139 211 150 -43 276 -114 450 -254 50 -40 127
-51 182 -25 19 9 85 68 146 130 l112 113 0 1122 0 1122 38 -6 c83 -14 93 -18
112 -42 20 -25 20 -38 20 -1299 l0 -1273 -24 -28 -24 -28 -871 -3 -871 -2 0
54 c0 44 -5 60 -26 85 -31 37 -79 42 -115 12 -22 -18 -24 -28 -29 -139 -6
-141 -13 -154 -115 -202 -88 -41 -187 -60 -315 -60 -128 0 -227 19 -315 60
-102 48 -109 61 -115 202 -5 111 -7 121 -29 139 -35 28 -77 24 -112 -10 -25
-26 -29 -37 -29 -85 l0 -56 -871 2 -871 3 -24 28 -24 28 0 1274 0 1274 23 26
c20 23 62 37 135 44 9 1 12 -229 12 -1121z m1344 -708 c217 -21 480 -96 676
-193 l105 -52 3 -103 3 -104 -30 21 c-46 33 -267 136 -351 164 -221 75 -396
102 -605 94 -123 -4 -172 -11 -270 -36 -152 -39 -325 -123 -454 -221 l-95 -71
-59 59 -59 59 76 62 c252 206 567 323 891 330 33 0 109 -4 169 -9z m2229 -34
c210 -49 409 -147 577 -282 l83 -68 -62 -58 -62 -58 -67 53 c-167 134 -344
218 -552 263 -128 28 -388 26 -536 -4 -201 -40 -442 -133 -587 -225 l-57 -37
0 100 0 100 88 44 c172 86 400 158 602 190 150 24 434 15 573 -18z"/>
<path d="M1455 3300 c-128 -74 -165 -106 -165 -146 0 -32 51 -84 81 -84 13 0
83 34 157 76 141 80 165 105 154 160 -6 31 -47 64 -81 64 -14 0 -80 -32 -146
-70z"/>
<path d="M3468 3350 c-31 -24 -39 -59 -22 -98 9 -23 42 -47 146 -106 74 -42
144 -76 157 -76 12 0 36 13 52 29 50 50 34 102 -44 148 -225 134 -243 140
-289 103z"/>
<path d="M1818 3068 c-15 -5 -66 -58 -122 -125 -80 -96 -96 -121 -96 -150 0
-62 66 -102 120 -73 17 9 159 170 193 220 23 32 22 72 -3 102 -23 29 -55 38
-92 26z"/>
<path d="M3244 3070 c-29 -12 -54 -49 -54 -81 0 -30 27 -69 132 -189 63 -73
79 -85 109 -88 52 -4 89 28 89 78 0 33 -12 52 -96 153 -63 77 -106 119 -126
126 -17 6 -31 11 -32 10 -1 0 -11 -4 -22 -9z"/>
<path d="M1319 4581 c-34 -35 -37 -68 -9 -104 27 -34 260 -167 292 -167 33 0
74 33 80 64 11 55 -13 80 -154 160 -74 42 -144 76 -157 76 -12 0 -36 -13 -52
-29z"/>
<path d="M3592 4534 c-141 -80 -165 -105 -154 -160 6 -31 47 -64 81 -64 14 0
85 34 158 76 129 76 153 98 153 145 0 28 -53 79 -82 79 -13 0 -83 -34 -156
-76z"/>
</g>
</svg>
