<svg version="1.0" xmlns="http://www.w3.org/2000/svg"
 width="512.000000pt" height="512.000000pt" viewBox="0 0 512.000000 512.000000"
 preserveAspectRatio="xMidYMid meet">

<g transform="translate(0.000000,512.000000) scale(0.100000,-0.100000)"
fill="#000000" stroke="none">
<path d="M2369 4781 c-24 -19 -24 -23 -27 -220 l-3 -201 -255 0 c-241 0 -255
-1 -274 -20 -19 -19 -20 -33 -20 -199 l0 -180 26 -20 c25 -20 39 -21 275 -21
l249 0 2 -726 3 -726 24 -19 c21 -17 41 -19 196 -19 l174 0 20 26 c21 26 21
33 21 745 l0 719 249 0 c250 0 250 0 278 24 28 24 28 25 31 166 4 161 -1 203
-29 231 -18 18 -35 19 -274 19 l-255 0 0 194 c0 180 -1 195 -21 220 l-20 26
-174 0 c-155 0 -175 -2 -196 -19z m261 -325 c0 -176 2 -196 19 -217 19 -24 20
-24 280 -27 l261 -3 0 -69 0 -70 -259 0 -260 0 -20 -26 c-21 -26 -21 -33 -21
-745 l0 -719 -70 0 -70 0 0 723 0 724 -23 21 c-22 21 -32 22 -277 24 l-255 3
-3 67 -3 67 261 3 c261 3 262 3 281 27 17 21 19 41 19 217 l0 194 70 0 70 0 0
-194z"/>
<path d="M1775 2346 c-108 -21 -186 -51 -360 -136 -251 -123 -412 -180 -564
-199 -50 -6 -80 -16 -93 -28 -12 -13 -28 -63 -46 -146 l-27 -127 -91 0 c-73 0
-96 -4 -113 -18 -19 -15 -41 -106 -156 -642 -74 -344 -135 -640 -135 -658 0
-46 30 -72 82 -72 24 0 205 9 403 20 198 11 446 24 550 30 105 6 307 17 450
25 143 8 409 22 590 31 l330 16 1111 -61 c612 -33 1128 -61 1148 -61 46 0 76
29 76 72 0 18 -61 314 -135 658 -115 536 -137 627 -156 642 -17 14 -40 18
-113 18 l-91 0 -27 127 c-18 83 -34 133 -46 146 -13 12 -43 22 -93 28 -152 19
-313 76 -564 199 -181 89 -277 123 -396 141 -222 32 -470 -41 -668 -197 l-81
-64 -83 65 c-97 77 -234 147 -344 176 -101 26 -265 33 -358 15z m287 -151
c136 -28 258 -92 364 -188 l64 -59 0 -389 c0 -214 -4 -389 -9 -389 -4 0 -41
15 -82 34 -150 69 -324 103 -461 92 -145 -12 -251 -44 -500 -150 -166 -71
-320 -116 -482 -141 -120 -19 -276 -33 -276 -25 0 8 180 843 186 862 3 10 17
21 32 24 207 44 329 89 600 218 156 75 235 104 322 119 56 10 179 6 242 -8z
m1323 -10 c33 -9 140 -55 237 -101 271 -130 393 -174 600 -218 15 -3 29 -14
32 -24 5 -16 186 -852 186 -859 0 -8 -103 -2 -200 12 -236 33 -370 71 -590
165 -176 75 -274 107 -385 127 -164 28 -349 2 -519 -73 -45 -19 -87 -38 -93
-41 -10 -4 -13 78 -13 390 l0 395 59 54 c100 90 223 154 355 184 76 17 247 12
331 -11z m-2735 -629 c0 -2 -31 -149 -69 -327 -83 -387 -113 -549 -109 -591 2
-20 13 -38 30 -51 27 -20 33 -20 185 -9 344 25 548 72 839 192 252 105 317
122 464 124 161 1 273 -32 459 -135 49 -27 99 -49 110 -49 10 0 71 27 134 60
321 169 503 170 882 8 300 -129 489 -174 846 -200 165 -11 170 -11 197 9 17
13 28 31 30 51 4 42 -26 206 -108 590 -39 177 -70 325 -70 327 0 3 15 5 33 5
l32 0 113 -533 c62 -292 113 -538 112 -545 0 -9 -16 -11 -62 -7 -35 3 -187 12
-338 20 -151 8 -302 21 -335 29 -102 25 -234 75 -385 148 -193 92 -283 119
-432 125 -217 10 -422 -45 -609 -163 l-37 -23 -79 45 c-104 59 -217 102 -333
126 -77 16 -120 19 -225 15 -162 -6 -244 -29 -445 -125 -151 -73 -283 -123
-385 -148 -33 -8 -179 -21 -325 -29 -146 -8 -298 -17 -337 -19 -54 -4 -73 -3
-73 7 -1 6 50 252 112 544 l113 533 33 0 c17 0 32 -2 32 -4z m1483 -420 c94
-18 216 -66 315 -124 100 -58 124 -58 224 0 168 98 339 145 493 135 117 -8
229 -41 445 -132 189 -79 267 -105 411 -135 115 -24 313 -50 378 -50 26 0 54
-6 63 -12 16 -13 34 -98 21 -98 -5 0 -71 7 -148 15 -285 30 -426 66 -694 177
-289 119 -437 150 -614 128 -117 -14 -229 -50 -359 -115 l-108 -54 -107 54
c-201 99 -370 135 -546 116 -125 -14 -230 -46 -428 -129 -273 -116 -442 -156
-782 -187 l-67 -6 6 43 c8 54 26 68 85 68 67 0 265 27 379 51 138 30 263 72
448 150 143 61 258 98 342 112 57 10 173 6 243 -7z m-81 -486 c86 -10 255 -56
244 -67 -5 -6 -612 -42 -696 -42 l-45 0 55 29 c70 36 177 68 261 79 90 12 85
12 181 1z m1298 -21 c41 -11 107 -35 145 -53 l70 -34 -45 -1 c-77 -1 -691 36
-696 42 -10 10 157 58 230 66 91 11 201 4 296 -20z"/>
</g>
</svg>