<svg version="1.0" xmlns="http://www.w3.org/2000/svg"
 width="250.000000pt" height="250.000000pt" viewBox="0 0 250.000000 250.000000"
 preserveAspectRatio="xMidYMid meet">

<g transform="translate(0.000000,250.000000) scale(0.100000,-0.100000)"
fill="#000000" stroke="none">
<path d="M1176 2380 c-71 -12 -168 -64 -211 -111 -21 -23 -49 -67 -64 -98 -22
-48 -26 -70 -26 -153 0 -97 0 -97 -35 -134 -19 -20 -55 -46 -80 -58 l-45 -21
-7 -73 c-8 -92 -45 -171 -109 -231 l-47 -44 14 -40 c27 -77 12 -168 -42 -250
-19 -29 -22 -42 -14 -57 17 -31 11 -93 -13 -135 l-23 -40 20 -35 c26 -44 27
-131 2 -178 -17 -33 -17 -33 9 -64 24 -28 26 -38 24 -97 -3 -59 0 -70 23 -101
38 -51 50 -87 47 -154 -2 -53 0 -60 24 -78 14 -10 36 -35 48 -55 21 -34 23
-35 30 -14 5 11 13 21 19 21 13 0 13 -17 0 -25 -22 -14 -8 -22 28 -16 35 6 40
11 79 88 41 77 93 241 93 291 0 49 -18 16 -53 -96 -33 -106 -126 -312 -113
-252 14 70 126 636 139 707 8 45 27 106 41 135 l26 53 -5 -40 c-3 -22 -9 -168
-14 -325 -8 -253 -12 -298 -36 -403 -27 -118 -30 -181 -7 -124 36 87 54 235
63 522 10 340 16 402 37 410 12 4 13 -2 8 -37 -4 -24 -11 -176 -16 -338 -9
-288 -16 -360 -45 -484 -18 -75 -19 -99 -3 -94 19 7 57 173 68 303 6 66 13
144 16 173 l6 53 69 45 69 44 0 47 0 48 19 -32 c21 -34 20 -66 -15 -251 -9
-46 -13 -86 -11 -89 3 -2 8 14 12 36 13 76 25 54 26 -46 1 -54 5 -123 9 -153
6 -35 7 22 5 162 -3 133 -1 220 5 223 6 4 10 -8 10 -26 0 -77 23 -211 37 -216
27 -11 34 21 31 154 -2 84 0 126 6 115 5 -9 11 -95 14 -192 4 -164 3 -181 -22
-279 -15 -57 -25 -105 -23 -107 2 -2 19 50 37 116 32 116 33 123 26 246 -3 69
-9 160 -13 201 l-6 76 71 -38 c39 -20 78 -47 86 -59 11 -18 15 -74 18 -272 2
-173 7 -255 15 -269 18 -30 17 727 -1 845 -13 85 -12 106 3 81 24 -39 35 -202
36 -531 1 -402 2 -410 16 -410 15 0 5 804 -11 879 -6 29 -9 55 -7 58 3 2 25
-6 49 -19 29 -15 43 -30 43 -43 0 -15 7 -20 26 -20 32 0 53 -17 81 -66 27 -49
52 -54 36 -7 -24 68 -163 170 -283 207 l-53 17 59 104 c63 113 67 133 44 201
-28 78 -63 230 -85 364 -26 157 -44 217 -81 272 -36 51 -77 82 -143 104 l-51
18 50 0 c62 1 127 -31 167 -80 21 -27 34 -61 52 -149 51 -239 99 -347 187
-421 108 -91 127 -115 148 -187 94 -315 112 -502 64 -672 -25 -90 -26 -107
-27 -328 0 -271 2 -278 70 -211 27 26 53 42 78 46 21 3 35 10 32 17 -31 73
-48 154 -44 220 3 72 9 87 72 171 6 8 1 39 -14 85 -30 94 -31 198 -1 264 l20
47 -34 52 c-64 98 -82 237 -44 345 11 32 10 34 -31 69 -80 69 -140 190 -140
285 0 47 -1 48 -48 72 -54 27 -119 94 -126 128 -3 13 -7 53 -9 90 -6 84 -36
147 -99 211 -86 86 -214 127 -332 107z m137 -35 c37 -6 38 -7 33 -38 -6 -31
-6 -31 6 -7 7 14 13 26 14 28 6 9 89 -43 122 -76 55 -55 85 -124 90 -207 4
-74 -12 -160 -28 -150 -6 3 -7 0 -5 -7 3 -8 -1 -22 -8 -32 -13 -18 -14 -18
-12 5 1 13 -2 27 -7 30 -5 3 -17 49 -28 103 -22 110 -35 139 -82 182 -113 107
-271 99 -376 -21 -42 -48 -58 -89 -68 -180 -4 -33 -12 -63 -18 -67 -8 -6 -8
-8 0 -8 6 0 11 -6 11 -12 0 -7 4 -22 8 -33 5 -16 3 -15 -14 5 -74 90 -61 277
28 379 l21 23 21 -23 20 -24 -15 26 c-15 24 -15 27 1 41 49 43 168 81 228 72
11 -2 37 -6 58 -9z m-48 -174 c54 -24 108 -87 133 -152 11 -30 27 -103 37
-164 22 -148 52 -283 82 -379 21 -66 23 -83 13 -105 -27 -59 -122 -222 -127
-217 -8 8 24 83 68 156 21 36 39 75 39 86 0 10 -9 48 -20 84 -11 36 -40 166
-65 290 -51 255 -75 316 -140 362 -89 63 -207 39 -252 -52 -18 -35 -23 -61
-23 -125 0 -99 26 -456 40 -539 16 -101 24 -276 13 -276 -6 0 -14 39 -18 93
-3 50 -12 130 -20 177 -17 103 -39 515 -32 586 15 148 146 233 272 175z m-151
-75 c-3 -8 -18 -22 -32 -32 -27 -17 -27 -17 2 15 33 35 38 37 30 17z m56 -13
c14 -7 42 -14 62 -18 44 -7 95 -62 129 -140 48 -108 -16 -265 -107 -265 -62 0
-160 100 -180 184 l-7 28 27 -17 c24 -16 28 -16 50 -2 24 16 24 16 31 -28 8
-54 36 -76 62 -49 16 15 15 16 -14 10 -30 -7 -31 -6 -38 41 -3 26 -13 59 -22
71 -12 20 -21 23 -61 20 l-47 -3 -3 47 c-3 44 -1 48 37 79 23 18 41 39 41 47
0 7 3 12 8 10 4 -2 18 -9 32 -15z m90 7 c10 -7 -1 -8 -35 -4 -27 4 -52 8 -54
10 -10 9 75 3 89 -6z m-360 -210 c13 -24 12 -24 -6 -10 -10 8 -21 15 -23 17
-1 1 0 7 4 13 8 13 8 13 25 -20z m239 16 c9 -11 7 -15 -11 -20 -13 -3 -24 -1
-26 4 -2 6 -11 10 -20 10 -15 0 -15 2 -2 10 21 14 46 12 59 -4z m516 -5 c4 -8
-40 -44 -93 -76 -25 -14 5 30 39 59 33 28 44 31 54 17z m50 -41 c6 -10 -124
-100 -144 -100 -26 0 -6 23 56 65 72 48 78 50 88 35z m-807 -50 c37 -27 62
-53 62 -64 0 -13 -4 -16 -12 -9 -7 5 -44 31 -81 58 -49 34 -65 50 -55 56 16
11 13 13 86 -41z m882 0 c0 -10 -172 -110 -189 -110 -29 0 -3 23 81 74 85 51
108 59 108 36z m-935 -62 c82 -55 115 -88 87 -88 -16 0 -205 125 -210 138 -8
26 32 10 123 -50z m935 3 c0 -24 -147 -108 -162 -93 -6 6 20 28 74 60 46 28
84 52 86 52 1 0 2 -9 2 -19z m-394 -129 c-8 -8 -38 -23 -67 -32 -48 -17 -57
-17 -89 -4 -48 20 -60 35 -53 62 4 17 10 21 22 16 9 -4 33 -9 54 -12 35 -4 42
0 80 40 l42 44 13 -50 c11 -42 11 -51 -2 -64z m-565 37 c61 -34 87 -55 81 -61
-14 -14 -176 72 -180 95 -2 9 -1 17 2 17 4 0 47 -23 97 -51z m168 -94 c0 -33
7 -94 15 -135 8 -41 17 -120 21 -175 l7 -100 -49 -23 c-26 -12 -56 -22 -67
-22 -40 0 -100 -26 -134 -57 -19 -18 -32 -36 -28 -40 3 -3 16 3 29 15 23 21
43 30 33 14 -8 -13 11 -35 23 -28 6 4 11 16 11 27 0 11 -4 17 -10 14 -5 -3
-10 -2 -10 3 0 11 34 22 71 22 l27 0 -24 -57 c-12 -32 -34 -116 -47 -188 -45
-238 -82 -415 -88 -415 -13 0 -27 78 -22 125 4 44 -1 64 -37 150 -51 120 -57
161 -35 246 9 35 25 113 36 172 23 126 70 282 106 347 13 25 44 60 69 79 44
33 83 92 85 128 3 37 17 -44 18 -102z m811 100 c0 -19 -119 -80 -132 -67 -6 6
14 23 54 45 72 41 78 42 78 22z m-949 -118 c-8 -8 -30 -2 -86 26 -41 20 -75
41 -75 45 0 22 18 18 92 -19 60 -30 78 -43 69 -52z m566 50 c-9 -24 -92 -58
-145 -59 -37 -1 -61 5 -96 26 -26 15 -44 32 -40 37 3 6 23 -1 49 -16 58 -33
108 -33 176 3 57 30 65 32 56 9z m410 7 c2 -5 -20 -20 -49 -32 -70 -29 -87
-12 -22 22 50 25 65 28 71 10z m-1081 -64 c39 -17 63 -34 59 -40 -8 -12 -25
-8 -102 26 -30 13 -51 29 -48 34 9 15 19 13 91 -20z m415 -1 c77 -39 147 -35
261 15 29 13 30 -28 4 -126 -14 -51 -28 -115 -32 -143 -8 -60 -23 -94 -24 -54
0 15 -22 74 -49 132 -47 100 -51 106 -78 103 -26 -3 -32 -12 -70 -107 -23 -57
-45 -130 -48 -162 -4 -33 -11 -55 -16 -50 -11 11 -33 297 -26 332 7 36 25 81
32 81 3 0 24 -9 46 -21z m706 5 c5 -14 -90 -45 -101 -34 -12 12 -11 13 39 33
42 17 57 17 62 1z m40 -50 c2 -6 -18 -18 -44 -27 -57 -20 -63 -21 -63 -4 0 7
19 20 43 29 45 17 59 17 64 2z m-1208 -20 c41 -15 71 -32 71 -40 0 -18 -1 -18
-84 11 -39 14 -77 28 -84 30 -16 6 -6 25 13 25 8 0 46 -12 84 -26z m791 -60
c0 -21 -49 -119 -56 -112 -4 5 23 135 32 149 9 15 24 -9 24 -37z m-291 -70
c-17 -41 -34 -73 -36 -71 -2 2 11 43 29 90 18 47 35 79 36 71 2 -9 -11 -49
-29 -90z m95 16 c3 -14 -5 -3 -18 24 -14 28 -22 54 -19 60 6 9 22 -28 37 -84z
m660 75 c-5 -13 -94 -45 -124 -45 -30 0 2 27 51 42 68 21 80 22 73 3z m-1296
-19 c88 -30 97 -35 84 -48 -14 -14 -151 32 -163 54 -13 23 -6 23 79 -6z m664
-172 c4 -3 4 5 1 18 -4 17 -3 20 6 12 15 -14 32 -200 21 -230 -12 -31 -25 -30
-61 5 -27 28 -29 34 -29 114 0 57 -6 102 -19 140 -11 32 -16 57 -12 57 6 0 23
-36 56 -125 6 -16 9 -17 12 -5 2 9 -10 46 -27 83 -43 95 -36 107 9 15 20 -43
40 -80 43 -84z m618 127 c0 -15 -23 -28 -62 -35 -56 -10 -51 18 5 31 57 14 57
14 57 4z m-1226 -62 c19 -17 -4 -20 -63 -8 -48 9 -61 16 -61 30 0 17 3 17 58
2 31 -9 61 -20 66 -24z m487 -51 c-8 -23 -8 -54 0 -114 12 -80 11 -83 -12
-113 -13 -16 -28 -29 -34 -27 -17 5 -29 65 -17 89 6 12 14 49 17 82 4 33 16
78 28 100 22 44 35 33 18 -17z m729 28 c0 -15 -21 -26 -51 -26 -30 0 -22 28 9
33 15 2 30 5 35 6 4 0 7 -5 7 -13z m-1280 -27 c31 -7 50 -16 50 -25 0 -16 -1
-17 -60 -3 -64 14 -72 18 -65 29 8 13 12 12 75 -1z m1290 -44 c0 -10 -10 -15
-29 -15 -34 0 -50 16 -24 23 36 9 53 7 53 -8z m-1250 -53 c0 -11 -8 -13 -37
-8 -21 3 -49 6 -63 6 -30 0 -55 14 -47 27 4 6 33 6 76 0 52 -7 71 -14 71 -25z
m1268 -19 c2 -9 -8 -13 -32 -13 -37 0 -49 15 -18 23 26 7 45 3 50 -10z m-1279
-28 c13 -14 -18 -19 -80 -15 -56 4 -75 9 -77 21 -2 13 7 14 75 6 43 -5 80 -10
82 -12z m434 -25 c-4 -27 0 -53 11 -78 12 -27 16 -58 14 -112 l-3 -75 -29 84
c-30 89 -33 173 -7 205 19 22 20 21 14 -24z m-58 -77 c0 -103 1 -111 32 -167
18 -33 32 -60 30 -61 -42 -27 -77 -45 -86 -45 -7 0 -11 32 -11 98 0 132 18
282 33 282 1 0 2 -48 2 -107z m335 -45 c-6 -32 -19 -75 -28 -95 l-17 -38 -3
74 c-2 52 1 80 12 96 8 13 21 45 28 72 l13 48 3 -50 c2 -27 -2 -76 -8 -107z
m74 125 c14 -63 25 -183 26 -260 l0 -82 -47 31 c-27 17 -51 34 -55 37 -4 4 2
31 13 61 11 30 23 86 25 125 6 88 12 115 23 115 5 0 12 -12 15 -27z m524 -10
c2 -9 -10 -13 -42 -13 -43 0 -55 7 -39 24 12 11 76 2 81 -11z m-1334 -29 c32
-12 3 -24 -60 -24 -50 0 -64 3 -64 15 0 11 13 15 54 15 30 0 61 -3 70 -6z
m1364 -36 c-3 -8 -26 -14 -56 -16 -42 -2 -52 0 -52 12 0 13 12 16 56 16 40 0
55 -4 52 -12z m-792 -33 c-7 -33 7 -51 17 -22 3 9 7 9 20 -2 15 -12 17 -11 17
13 0 16 5 26 15 26 19 0 19 -20 -1 -48 -17 -25 -65 -30 -83 -8 -8 9 -8 21 0
45 15 42 23 40 15 -4z m-566 16 c0 -11 -50 -21 -106 -21 -41 0 -53 8 -37 23
10 10 143 8 143 -2z m1340 -36 c0 -11 -11 -15 -40 -15 -51 0 -53 17 -2 23 20
2 38 4 40 5 1 1 2 -5 2 -13z m-1362 -17 c-4 -13 -125 -31 -140 -21 -23 13 -1
22 60 26 37 2 71 4 75 5 5 1 7 -4 5 -10z m681 -70 l0 -53 -15 39 c-10 29 -11
42 -3 52 17 21 19 18 18 -38z m-104 2 c2 -16 -1 -30 -6 -30 -5 0 -9 17 -9 37
0 42 12 37 15 -7z m-585 21 c0 -12 -96 -25 -112 -15 -9 6 -6 10 12 15 37 10
100 10 100 0z m1355 -11 c-3 -5 -19 -10 -36 -10 -16 0 -29 5 -29 10 0 6 16 10
36 10 21 0 33 -4 29 -10z m-1355 -49 c0 -5 -20 -14 -44 -20 -56 -14 -56 -14
-56 3 0 14 23 21 78 25 12 0 22 -3 22 -8z m1355 0 c3 -5 2 -12 -2 -14 -12 -8
-63 4 -63 14 0 12 57 12 65 0z m-724 -134 c-4 -67 -5 -69 -12 -32 -10 52 -11
130 -2 139 13 13 18 -30 14 -107z m-631 83 c0 -5 -18 -14 -41 -20 -22 -6 -47
-14 -55 -17 -8 -3 -14 1 -14 10 0 9 15 19 38 25 50 13 72 14 72 2z m1344 -6
c24 -9 19 -24 -8 -24 -31 0 -56 10 -56 21 0 10 40 12 64 3z m-1315 -57 c-15
-14 -145 -45 -153 -37 -13 13 -12 13 69 37 41 12 74 17 79 12 5 -5 8 -10 5
-12z m1345 -8 c18 -17 -2 -20 -50 -8 -57 14 -58 15 -50 27 6 11 84 -4 100 -19z
m-1330 -28 c3 -5 -20 -18 -52 -29 -76 -28 -84 -29 -89 -15 -2 6 21 20 54 31
67 23 80 25 87 13z m607 -146 c-8 -37 -9 -34 -10 35 0 41 3 86 7 100 11 39 15
-87 3 -135z m746 101 c15 -14 -9 -18 -51 -7 -68 17 -98 30 -91 40 5 9 129 -19
142 -33z m-1327 -15 c0 -10 -151 -73 -159 -66 -9 9 18 29 72 51 56 24 87 29
87 15z m1248 -12 c43 -12 53 -36 13 -32 -34 4 -91 31 -91 43 0 6 8 9 18 6 9
-2 36 -10 60 -17z m-1228 -39 c0 -11 -121 -68 -162 -77 -55 -11 -26 15 55 50
89 38 107 42 107 27z m1204 -25 c20 -8 36 -19 36 -23 0 -20 -15 -19 -56 1 -69
33 -53 52 20 22z m-1214 -55 c0 -16 -118 -71 -125 -59 -9 13 -10 11 50 42 54
28 75 33 75 17z m1205 -7 c19 -9 35 -23 35 -30 0 -7 -2 -13 -5 -13 -15 0 -85
42 -85 50 0 14 14 12 55 -7z m-1195 -48 c0 -20 -99 -70 -112 -57 -7 7 9 21 48
41 70 36 64 34 64 16z m1194 -31 c19 -10 37 -25 39 -35 6 -24 4 -24 -42 6 -67
41 -64 61 3 29z m-1164 -32 c0 -4 -31 -26 -70 -49 -57 -34 -70 -39 -70 -25 0
11 22 30 58 49 57 32 82 40 82 25z m1167 -32 c45 -28 70 -56 61 -66 -7 -6
-111 69 -116 84 -6 18 2 15 55 -18z m-1167 -20 c0 -5 -26 -27 -58 -49 -43 -29
-62 -37 -73 -29 -8 5 -10 11 -4 14 6 2 35 20 65 39 58 37 70 41 70 25z m1160
-56 c40 -27 51 -44 27 -44 -12 0 -77 54 -77 64 0 10 10 6 50 -20z m-1180 -32
c0 -5 -11 -19 -24 -31 -17 -16 -26 -19 -31 -10 -5 7 2 19 16 30 26 20 39 24
39 11z m1164 -11 c21 -23 4 -38 -18 -15 -17 17 -21 34 -8 34 5 0 17 -9 26 -19z"/>
<path d="M1230 2331 c0 -25 6 -27 13 -6 4 8 2 17 -3 20 -6 4 -10 -3 -10 -14z"/>
<path d="M1151 2325 c0 -11 4 -27 9 -35 9 -13 10 -13 9 0 0 8 -4 24 -9 35 l-9
20 0 -20z"/>
<path d="M1182 2320 c0 -14 2 -19 5 -12 2 6 2 18 0 25 -3 6 -5 1 -5 -13z"/>
<path d="M1212 2320 c0 -14 2 -19 5 -12 2 6 2 18 0 25 -3 6 -5 1 -5 -13z"/>
<path d="M1262 2315 c0 -16 2 -22 5 -12 2 9 2 23 0 30 -3 6 -5 -1 -5 -18z"/>
<path d="M1292 2320 c0 -14 2 -19 5 -12 2 6 2 18 0 25 -3 6 -5 1 -5 -13z"/>
<path d="M1121 2325 c1 -19 18 -51 18 -35 0 8 -4 22 -9 30 -5 8 -9 11 -9 5z"/>
<path d="M1315 2310 c-4 -12 -5 -24 -2 -27 3 -2 8 5 12 17 4 12 5 24 2 27 -3
2 -8 -5 -12 -17z"/>
<path d="M1102 2285 c6 -14 13 -23 16 -21 7 7 -9 46 -18 46 -5 0 -4 -11 2 -25z"/>
<path d="M1366 2294 c-9 -24 -2 -26 12 -4 7 11 8 20 3 20 -5 0 -12 -7 -15 -16z"/>
<path d="M1076 2287 c3 -10 9 -15 12 -12 3 3 0 11 -7 18 -10 9 -11 8 -5 -6z"/>
<path d="M1391 2282 c-17 -31 -13 -40 5 -14 9 13 14 26 11 29 -3 2 -10 -4 -16
-15z"/>
<path d="M1050 2281 c0 -5 7 -15 17 -22 15 -13 15 -12 4 9 -12 23 -21 28 -21
13z"/>
<path d="M1411 2263 c-10 -26 -10 -27 4 -9 8 11 15 23 15 28 0 15 -7 8 -19
-19z"/>
<path d="M1040 2250 c6 -11 13 -20 16 -20 2 0 0 9 -6 20 -6 11 -13 20 -16 20
-2 0 0 -9 6 -20z"/>
<path d="M1432 2250 c-6 -11 -12 -22 -12 -25 0 -11 20 6 30 26 14 25 -2 25
-18 -1z"/>
<path d="M1454 2229 c-19 -22 -19 -22 4 -10 12 6 22 16 22 21 0 15 -5 12 -26
-11z"/>
<path d="M990 2231 c0 -5 7 -15 17 -22 15 -13 15 -12 4 9 -12 23 -21 28 -21
13z"/>
<path d="M1474 2209 c-19 -22 -19 -22 4 -10 12 6 22 16 22 21 0 15 -5 12 -26
-11z"/>
<path d="M971 2207 c2 -1 13 -9 24 -17 19 -14 19 -14 6 3 -7 9 -18 17 -24 17
-6 0 -8 -1 -6 -3z"/>
<path d="M1484 2178 l-19 -21 28 18 c28 18 33 25 19 25 -5 0 -17 -10 -28 -22z"/>
<path d="M960 2180 c8 -5 20 -10 25 -10 6 0 3 5 -5 10 -8 5 -19 10 -25 10 -5
0 -3 -5 5 -10z"/>
<path d="M1510 2165 c-14 -16 -10 -18 14 -9 9 3 16 10 16 15 0 14 -16 11 -30
-6z"/>
<path d="M945 2160 c3 -5 1 -10 -5 -10 -6 0 -8 -4 -5 -10 3 -5 11 -10 16 -10
6 0 7 5 3 12 -5 8 -2 9 11 4 15 -5 16 -4 5 9 -14 17 -35 21 -25 5z"/>
<path d="M1514 2135 c-10 -8 -14 -15 -8 -15 5 0 19 7 30 15 10 8 14 15 8 15
-5 0 -19 -7 -30 -15z"/>
<path d="M935 2110 c27 -12 43 -12 25 0 -8 5 -22 9 -30 9 -10 0 -8 -3 5 -9z"/>
<path d="M1520 2104 l-25 -15 25 7 c14 3 29 10 35 15 15 14 -7 10 -35 -7z"/>
<path d="M1530 2080 c-12 -8 -9 -10 13 -10 15 0 27 5 27 10 0 13 -20 13 -40 0z"/>
<path d="M928 2063 c7 -3 16 -2 19 1 4 3 -2 6 -13 5 -11 0 -14 -3 -6 -6z"/>
<path d="M1535 2050 c-18 -8 -17 -9 8 -9 15 -1 27 4 27 9 0 12 -8 12 -35 0z"/>
<path d="M918 2043 c7 -3 16 -2 19 1 4 3 -2 6 -13 5 -11 0 -14 -3 -6 -6z"/>
<path d="M1548 2023 c7 -3 16 -2 19 1 4 3 -2 6 -13 5 -11 0 -14 -3 -6 -6z"/>
<path d="M918 2013 c7 -3 16 -2 19 1 4 3 -2 6 -13 5 -11 0 -14 -3 -6 -6z"/>
<path d="M918 1993 c6 -2 18 -2 25 0 6 3 1 5 -13 5 -14 0 -19 -2 -12 -5z"/>
<path d="M1533 1993 c9 -2 23 -2 30 0 6 3 -1 5 -18 5 -16 0 -22 -2 -12 -5z"/>
<path d="M920 1970 c0 -5 7 -7 15 -4 8 4 15 8 15 10 0 2 -7 4 -15 4 -8 0 -15
-4 -15 -10z"/>
<path d="M1548 1963 c7 -3 16 -2 19 1 4 3 -2 6 -13 5 -11 0 -14 -3 -6 -6z"/>
<path d="M928 1943 c7 -3 16 -2 19 1 4 3 -2 6 -13 5 -11 0 -14 -3 -6 -6z"/>
<path d="M1528 1943 c6 -2 18 -2 25 0 6 3 1 5 -13 5 -14 0 -19 -2 -12 -5z"/>
<path d="M1528 1923 c7 -3 16 -2 19 1 4 3 -2 6 -13 5 -11 0 -14 -3 -6 -6z"/>
<path d="M1231 1954 c-52 -22 -33 -25 29 -4 35 13 46 19 30 19 -14 0 -40 -6
-59 -15z"/>
<path d="M1293 1928 c3 -15 -51 -29 -56 -15 -2 7 -8 9 -12 5 -14 -13 4 -38 27
-38 25 0 68 25 68 39 0 5 -7 11 -15 15 -8 3 -14 0 -12 -6z"/>
<path d="M1221 1739 c-31 -10 -32 -11 -15 -24 26 -19 58 -19 50 0 -3 8 2 19
12 24 22 13 0 13 -47 0z"/>
<path d="M886 1484 c-20 -20 -20 -21 4 -34 15 -8 21 -7 29 7 14 27 -12 48 -33
27z"/>
<path d="M821 1301 c-15 -10 -8 -41 9 -41 15 0 25 29 14 40 -5 5 -15 5 -23 1z"/>
<path d="M923 1203 c-18 -7 -16 -43 2 -43 18 0 31 28 19 39 -5 5 -15 6 -21 4z"/>
<path d="M784 1135 c-4 -9 -2 -21 4 -27 15 -15 44 -1 40 19 -4 23 -36 29 -44
8z"/>
<path d="M720 965 c-10 -12 -10 -19 -2 -27 17 -17 37 5 25 27 -9 15 -11 15
-23 0z"/>
<path d="M785 910 c-4 -6 -1 -17 5 -26 15 -18 42 0 33 22 -6 16 -29 19 -38 4z"/>
<path d="M703 833 c-17 -6 -16 -30 1 -36 16 -6 36 11 36 30 0 13 -15 16 -37 6z"/>
<path d="M765 700 c-4 -6 -1 -18 6 -26 14 -17 31 0 22 23 -6 16 -19 17 -28 3z"/>
<path d="M1565 1561 c-3 -5 2 -17 12 -26 16 -16 17 -16 30 0 7 10 10 22 7 26
-7 12 -41 11 -49 0z"/>
<path d="M1616 1441 c-9 -14 4 -41 19 -41 18 0 26 15 19 34 -7 17 -29 21 -38
7z"/>
<path d="M1728 1292 c-7 -24 16 -44 31 -29 16 16 14 25 -8 36 -15 8 -20 7 -23
-7z"/>
<path d="M1575 1269 c-4 -5 -3 -18 0 -29 5 -16 10 -18 25 -10 21 11 17 35 -5
44 -8 3 -17 1 -20 -5z"/>
<path d="M1770 1041 c0 -24 25 -34 40 -16 15 18 5 35 -21 35 -12 0 -19 -7 -19
-19z"/>
<path d="M1664 849 c-3 -6 1 -18 10 -27 15 -15 18 -15 26 -2 5 8 10 21 10 28
0 15 -36 16 -46 1z"/>
<path d="M1607 715 c-13 -13 -14 -19 -5 -29 7 -7 18 -13 25 -13 19 0 25 29 10
44 -12 12 -17 12 -30 -2z"/>
<path d="M1764 719 c-10 -17 13 -36 27 -22 12 12 4 33 -11 33 -5 0 -12 -5 -16
-11z"/>
<path d="M1747 529 c-6 -23 18 -38 35 -21 8 8 8 15 -2 27 -17 20 -27 19 -33
-6z"/>
<path d="M1613 474 c-3 -8 1 -22 10 -31 13 -14 16 -13 22 6 11 35 -19 59 -32
25z"/>
<path d="M1151 464 c0 -11 3 -14 6 -6 3 7 2 16 -1 19 -3 4 -6 -2 -5 -13z"/>
<path d="M1751 321 c-17 -11 -7 -41 13 -41 21 0 27 15 13 33 -8 11 -17 14 -26
8z"/>
<path d="M1611 261 c-8 -15 -7 -20 6 -25 21 -8 35 6 27 27 -8 22 -21 21 -33
-2z"/>
</g>
</svg>
