<svg version="1.0" xmlns="http://www.w3.org/2000/svg"
 width="512.000000pt" height="512.000000pt" viewBox="0 0 512.000000 512.000000"
 preserveAspectRatio="xMidYMid meet">

<g transform="translate(0.000000,512.000000) scale(0.100000,-0.100000)"
fill="#000000" stroke="none">
<path d="M2515 4831 c-11 -5 -65 -49 -120 -98 -289 -260 -539 -634 -680 -1017
-51 -138 -110 -376 -131 -531 -19 -139 -25 -439 -12 -596 l8 -86 -173 -86
c-288 -143 -499 -298 -722 -529 -331 -343 -554 -756 -660 -1224 -31 -137 -31
-155 1 -193 20 -24 49 -38 132 -65 461 -149 946 -164 1429 -46 277 68 593 208
829 366 71 47 134 88 140 91 6 2 46 -20 87 -51 247 -176 574 -325 892 -406
218 -55 373 -73 630 -74 305 -1 515 30 777 114 136 43 178 73 178 127 0 42
-49 250 -87 368 -215 669 -728 1243 -1383 1548 l-112 52 6 45 c3 25 9 122 12
215 28 740 -283 1481 -826 1975 -120 109 -155 125 -215 101z m185 -298 c401
-408 635 -910 691 -1483 11 -118 8 -468 -5 -489 -3 -4 -48 4 -101 20 -250 74
-456 103 -735 103 -275 0 -485 -29 -720 -99 -59 -18 -87 -22 -94 -15 -16 16
-14 464 2 575 69 457 226 829 500 1185 75 97 303 330 323 330 7 0 70 -57 139
-127z m190 -2028 c124 -18 284 -55 392 -91 88 -29 82 -13 51 -139 -105 -438
-353 -856 -696 -1175 -56 -52 -71 -61 -87 -54 -31 14 -224 210 -305 309 -236
292 -400 641 -480 1021 -4 19 5 24 83 47 161 49 318 80 482 97 117 12 433 4
560 -15z m-1229 -370 c114 -407 355 -807 669 -1108 56 -54 100 -100 98 -101
-17 -15 -199 -132 -257 -166 -239 -138 -552 -245 -856 -292 -168 -25 -502 -30
-655 -9 -130 18 -318 57 -412 87 l-79 25 7 37 c14 77 77 281 120 392 173 435
480 822 869 1092 110 77 170 112 315 184 l125 63 13 -47 c7 -26 26 -96 43
-157z m1990 129 c238 -119 446 -270 639 -464 318 -317 533 -695 636 -1115 13
-55 24 -103 24 -107 0 -20 -300 -93 -490 -119 -138 -19 -477 -17 -625 5 -382
54 -736 189 -1047 397 -108 72 -108 56 5 167 322 315 555 705 671 1122 19 69
37 137 40 152 7 33 8 33 147 -38z"/>
<path d="M2522 3830 c-26 -11 -39 -38 -82 -177 -55 -177 -119 -221 -221 -154
-24 16 -57 43 -73 60 -40 41 -95 43 -125 5 -12 -15 -21 -35 -21 -45 0 -37 190
-524 211 -541 19 -16 51 -18 349 -18 298 0 330 2 349 18 21 17 211 504 211
541 0 10 -9 30 -21 45 -30 38 -85 36 -125 -5 -50 -52 -114 -89 -154 -89 -65 0
-107 61 -155 225 -30 106 -40 124 -71 135 -30 12 -42 12 -72 0z m61 -365 c24
-51 87 -116 132 -136 25 -12 64 -19 101 -19 l62 0 -37 -95 -36 -95 -245 0
-245 0 -36 95 -37 95 62 0 c37 0 76 7 101 19 45 20 108 85 132 136 9 19 20 35
23 35 3 0 14 -16 23 -35z"/>
<path d="M1065 1535 c-23 -22 -25 -32 -25 -120 l0 -95 -95 0 c-88 0 -98 -2
-120 -25 -33 -32 -33 -78 0 -110 22 -23 32 -25 120 -25 l95 0 0 -215 c0 -216
0 -216 25 -240 32 -33 78 -33 110 0 25 24 25 24 25 240 l0 215 95 0 c88 0 98
2 120 25 16 15 25 36 25 55 0 19 -9 40 -25 55 -22 23 -32 25 -120 25 l-95 0 0
95 c0 88 -2 98 -25 120 -15 16 -36 25 -55 25 -19 0 -40 -9 -55 -25z"/>
<path d="M3460 1622 c-55 -27 -84 -89 -84 -181 -1 -42 0 -92 1 -111 2 -19 0
-56 -3 -82 -10 -77 12 -120 99 -195 l38 -33 -51 0 c-41 0 -56 -5 -75 -25 -37
-36 -32 -74 15 -134 138 -174 374 -255 603 -206 204 43 316 203 317 451 0 91
-6 84 92 114 41 13 68 42 68 76 0 34 -41 85 -92 113 -25 14 -58 40 -72 58 -42
50 -118 83 -193 83 -74 0 -125 -19 -169 -61 -28 -27 -42 -52 -76 -139 -8 -21
-11 -23 -21 -9 -7 8 -59 70 -116 138 -133 158 -192 188 -281 143z m215 -314
c70 -84 137 -161 147 -170 22 -20 69 -23 98 -8 28 15 96 123 115 182 10 29 22
59 28 66 15 19 91 15 119 -8 25 -19 44 -60 28 -60 -5 0 -18 -13 -30 -29 -18
-26 -21 -47 -24 -163 -3 -143 -12 -178 -63 -238 -72 -86 -262 -104 -413 -39
-27 12 -50 25 -50 29 0 5 14 11 31 15 17 4 53 28 80 54 82 79 67 114 -76 185
-50 25 -101 56 -114 70 -21 22 -22 27 -10 60 10 29 11 48 1 94 -14 69 -15 112
-3 112 5 0 66 -69 136 -152z"/>
</g>
</svg>
