<svg version="1.0" xmlns="http://www.w3.org/2000/svg"
 width="512.000000pt" height="512.000000pt" viewBox="0 0 512.000000 512.000000"
 preserveAspectRatio="xMidYMid meet">

<g transform="translate(0.000000,512.000000) scale(0.100000,-0.100000)"
fill="#000000" stroke="none">
<path d="M2435 5014 c-16 -2 -70 -13 -120 -24 -348 -78 -400 -330 -92 -445
305 -113 767 -41 857 135 66 130 -45 256 -275 311 -87 20 -297 34 -370 23z
m287 -129 c151 -26 258 -82 258 -134 0 -28 -66 -75 -143 -100 -214 -70 -523
-47 -656 50 -49 35 -52 61 -11 99 86 80 348 121 552 85z"/>
<path d="M2443 4286 c-127 -31 -264 -137 -325 -252 -104 -194 -65 -438 95
-596 l58 -57 -56 -26 c-72 -34 -156 -112 -202 -187 l-37 -60 -26 33 c-109 146
-255 252 -437 318 -43 16 -189 52 -324 80 -369 76 -492 124 -599 231 -66 67
-102 130 -129 230 -27 98 -61 123 -109 83 -35 -30 -118 -188 -153 -290 -29
-88 -33 -110 -33 -208 0 -121 11 -164 64 -241 16 -25 30 -48 30 -51 0 -3 -22
-3 -49 1 -59 8 -99 -8 -107 -41 -8 -32 13 -144 43 -223 67 -182 217 -349 386
-431 26 -13 47 -26 47 -30 0 -3 -20 -14 -45 -23 -45 -18 -85 -56 -85 -83 0 -8
24 -39 53 -70 188 -200 519 -346 902 -398 66 -9 130 -19 142 -21 l23 -4 -20
-51 c-66 -166 38 -345 211 -366 27 -3 52 -9 54 -14 3 -4 -58 -250 -135 -546
-122 -463 -141 -546 -137 -594 8 -95 68 -182 152 -220 44 -19 180 -41 380 -61
171 -17 798 -16 970 0 180 18 334 41 371 57 45 19 112 82 137 129 44 83 37
126 -116 704 -76 287 -135 527 -132 532 3 6 23 10 43 10 20 0 57 10 82 21 133
60 191 202 141 346 -21 61 -25 58 84 68 274 25 598 135 800 270 86 58 215 183
215 208 0 27 -40 65 -85 83 -25 9 -45 20 -45 23 0 4 21 17 48 30 166 81 312
241 381 420 33 86 56 199 47 234 -8 33 -48 49 -107 41 -27 -4 -49 -4 -49 0 0
3 13 24 29 47 50 68 66 131 65 249 0 91 -5 118 -34 203 -34 102 -117 260 -152
290 -48 40 -82 15 -109 -83 -28 -101 -63 -164 -131 -231 -109 -108 -228 -154
-597 -230 -135 -28 -281 -64 -324 -80 -182 -66 -328 -172 -438 -318 l-25 -34
-27 45 c-46 79 -121 153 -197 192 l-70 37 57 57 c132 130 183 319 134 494 -71
257 -340 416 -598 354z m259 -135 c80 -31 159 -105 199 -187 101 -205 -10
-464 -226 -529 -62 -19 -168 -19 -231 0 -69 20 -154 84 -197 147 -176 259 18
611 328 594 39 -2 95 -13 127 -25z m-2270 -376 c121 -184 302 -270 745 -356
267 -52 378 -92 509 -185 81 -57 167 -153 204 -226 l29 -59 -40 -112 c-22 -62
-90 -251 -151 -422 -61 -170 -114 -314 -118 -318 -8 -10 -146 6 -291 33 -229
43 -484 146 -623 252 -39 29 -71 58 -72 63 -2 6 35 28 83 50 93 43 114 67 96
108 -8 17 -33 31 -90 51 -226 80 -372 212 -448 403 -12 32 -26 71 -29 87 l-7
29 135 -5 c156 -6 176 0 176 57 0 32 -4 36 -70 71 -193 101 -235 256 -139 506
28 71 34 80 43 64 6 -11 32 -52 58 -91z m4369 -7 c79 -217 31 -376 -143 -468
-71 -38 -78 -44 -78 -82 0 -49 26 -57 177 -51 l134 6 -7 -29 c-27 -116 -98
-236 -191 -323 -78 -74 -164 -123 -286 -167 -57 -20 -82 -34 -90 -51 -18 -41
3 -65 96 -108 48 -22 85 -44 83 -50 -6 -23 -149 -119 -251 -169 -132 -65 -290
-117 -440 -145 -148 -28 -287 -44 -295 -34 -4 4 -57 148 -118 318 -61 171
-129 360 -151 422 l-40 112 29 59 c37 73 123 169 204 226 129 92 242 133 492
181 472 89 673 191 789 400 43 77 40 79 86 -47z m-1950 -521 c63 -30 136 -103
168 -166 42 -81 451 -1237 451 -1273 0 -42 -33 -95 -75 -119 -17 -9 -52 -20
-80 -24 l-50 -6 -83 318 c-82 316 -82 319 -82 441 0 117 -1 124 -25 147 -28
29 -42 31 -73 9 -21 -14 -22 -22 -22 -157 l0 -142 209 -800 c116 -440 209
-801 208 -802 -2 -1 -30 12 -62 28 -84 43 -135 37 -282 -30 -148 -67 -159 -67
-309 10 l-119 61 -75 -4 c-68 -4 -85 -10 -183 -61 -138 -73 -153 -73 -300 -6
-147 67 -198 73 -282 30 -32 -16 -60 -29 -62 -28 -1 2 92 364 207 805 l210
801 0 139 c0 146 -2 152 -47 166 -17 5 -29 1 -48 -18 -24 -24 -25 -30 -25
-143 1 -116 0 -124 -82 -441 l-83 -323 -50 6 c-91 12 -155 71 -155 144 0 36
407 1186 450 1273 26 50 102 133 145 155 71 38 105 42 330 40 218 -2 221 -2
276 -30z m-140 -2684 c109 -57 112 -58 192 -58 76 1 89 4 184 48 128 60 156
65 205 35 129 -80 157 -103 164 -135 15 -77 -31 -153 -105 -173 -113 -30 -507
-60 -791 -60 -284 0 -678 30 -792 61 -74 19 -119 94 -104 171 5 27 20 42 74
78 95 64 124 79 151 80 13 0 74 -23 135 -52 105 -49 116 -52 193 -52 80 -1 83
0 190 56 144 76 159 76 304 1z"/>
<path d="M1046 3218 c-9 -12 -16 -30 -16 -39 0 -31 152 -161 309 -264 86 -56
173 -121 194 -143 49 -56 50 -97 2 -192 -19 -38 -35 -78 -35 -88 0 -45 72 -69
103 -34 37 41 81 157 85 223 7 118 -44 179 -278 332 -80 52 -179 124 -220 161
-82 73 -117 83 -144 44z"/>
<path d="M3929 3174 c-41 -37 -139 -109 -219 -161 -221 -144 -282 -212 -281
-317 0 -68 45 -188 89 -238 31 -36 102 -11 102 36 0 9 -16 48 -35 86 -49 96
-48 142 3 194 20 22 107 85 193 141 157 103 309 233 309 264 0 30 -30 61 -59
61 -21 0 -48 -18 -102 -66z"/>
</g>
</svg>
